[gd_scene format=3 uid="uid://cjq7qenull1yx"]

[ext_resource type="Script" uid="uid://c5qamot532h4v" path="res://Scripts/Player.cs" id="1_v0iea"]
[ext_resource type="PackedScene" uid="uid://dqyv12gd5mf7p" path="res://Scenes/hud_2d.tscn" id="2_cvnsp"]
[ext_resource type="PackedScene" uid="uid://bt33ldxo1gjbo" path="res://Scenes/machinegun.tscn" id="2_vgqql"]
[ext_resource type="Script" uid="uid://dcum4o6d6igcx" path="res://Scripts/HurtBox.cs" id="3_6t5aa"]
[ext_resource type="PackedScene" uid="uid://bcskchx5oqtc8" path="res://Models/Scenes/f_16_green.tscn" id="4_3smsa"]
[ext_resource type="PackedScene" uid="uid://df25n3172rky8" path="res://Scenes/VisualEffects/engine_trail.tscn" id="5_3smsa"]

[sub_resource type="SphereShape3D" id="SphereShape3D_cvnsp"]
radius = 0.4

[sub_resource type="StandardMaterial3D" id="StandardMaterial3D_3smsa"]
transparency = 1
shading_mode = 0
albedo_color = Color(0.81960785, 0.53333336, 1, 0.4509804)

[sub_resource type="SphereMesh" id="SphereMesh_8erm5"]
material = SubResource("StandardMaterial3D_3smsa")
radius = 0.1
height = 0.2
radial_segments = 6
rings = 6

[sub_resource type="StandardMaterial3D" id="StandardMaterial3D_8erm5"]
shading_mode = 0
stencil_flags = 2

[sub_resource type="SphereMesh" id="SphereMesh_tx1dd"]
material = SubResource("StandardMaterial3D_8erm5")
radius = 0.05
height = 0.1

[sub_resource type="StandardMaterial3D" id="StandardMaterial3D_x3wgy"]
shading_mode = 0

[sub_resource type="TorusMesh" id="TorusMesh_3smsa"]
material = SubResource("StandardMaterial3D_x3wgy")
inner_radius = 0.2
outer_radius = 0.25
rings = 12
ring_segments = 4

[sub_resource type="StandardMaterial3D" id="StandardMaterial3D_co088"]
shading_mode = 0

[sub_resource type="TorusMesh" id="TorusMesh_v0iea"]
material = SubResource("StandardMaterial3D_co088")
inner_radius = 4.98
outer_radius = 5.0
ring_segments = 4

[sub_resource type="StandardMaterial3D" id="StandardMaterial3D_cvnsp"]
shading_mode = 0

[sub_resource type="PlaneMesh" id="PlaneMesh_6t5aa"]
material = SubResource("StandardMaterial3D_cvnsp")
size = Vector2(2, 0.05)

[sub_resource type="StandardMaterial3D" id="StandardMaterial3D_v0iea"]
shading_mode = 0

[sub_resource type="PrismMesh" id="PrismMesh_cvnsp"]
material = SubResource("StandardMaterial3D_v0iea")
size = Vector3(0.5, 0.1, 0.1)

[sub_resource type="SphereShape3D" id="SphereShape3D_vgqql"]
radius = 0.5877877

[node name="Player" type="CharacterBody3D" unique_id=1617189981 node_paths=PackedStringArray("plane", "planeAxisZ", "gun", "planeDir", "invincibilityTimer", "cameraAxisY", "cameraAxisX", "camera", "cameraResetTimer", "hud3D", "horizon", "pointer", "target")]
motion_mode = 1
script = ExtResource("1_v0iea")
plane = NodePath("Plane")
planeAxisZ = NodePath("Plane/PlaneAxisZ")
gun = NodePath("Plane/PlaneAxisZ/Machinegun")
planeDir = NodePath("Plane/PlaneAxisZ/PlaneDir")
invincibilityTimer = NodePath("InvincibilityTimer")
cameraAxisY = NodePath("CameraAxisY")
cameraAxisX = NodePath("CameraAxisY/CameraAxisX")
camera = NodePath("CameraAxisY/CameraAxisX/Camera3D")
cameraResetTimer = NodePath("CameraAxisY/CameraAxisX/Camera3D/CameraResetTimer")
hud3D = NodePath("Hud3D")
horizon = NodePath("Hud3D/ArtificialHorizon")
pointer = NodePath("Hud3D/Pointer")
target = NodePath("CameraAxisY/CameraAxisX/Target")

[node name="CollisionShape3D" type="CollisionShape3D" parent="." unique_id=1972066341]
shape = SubResource("SphereShape3D_cvnsp")

[node name="Plane" type="Node3D" parent="." unique_id=1933983454]

[node name="PlaneAxisZ" type="Node3D" parent="Plane" unique_id=198522700]

[node name="Machinegun" parent="Plane/PlaneAxisZ" unique_id=496539689 node_paths=PackedStringArray("parent") instance=ExtResource("2_vgqql")]
transform = Transform3D(1, 0, 0, 0, 1, 0, 0, 0, 1, 0, 0.04287582, -0.670454)
parent = NodePath("../../..")
targetLayer = 3

[node name="f-16" parent="Plane/PlaneAxisZ" unique_id=1785029857 instance=ExtResource("4_3smsa")]
transform = Transform3D(-0.5, 0, -4.371139e-08, 0, 0.5, 0, 4.371139e-08, 0, -0.5, 0, 0, 0)

[node name="PlaneDir" type="Node3D" parent="Plane/PlaneAxisZ" unique_id=609072319]
transform = Transform3D(1, 0, 0, 0, 1, 0, 0, 0, 1, 0, 0, -1)

[node name="Thruster" type="MeshInstance3D" parent="Plane/PlaneAxisZ" unique_id=1108513179]
transform = Transform3D(1, 0, 0, 0, 1, 0, 0, 0, 1, 0, 0.002737701, 0.70103645)
mesh = SubResource("SphereMesh_8erm5")

[node name="MeshInstance3D" type="MeshInstance3D" parent="Plane/PlaneAxisZ/Thruster" unique_id=1250264335]
transform = Transform3D(1, 0, 0, 0, 1, 0, 0, 0, 1, 0, 0, -0.03806132)
mesh = SubResource("SphereMesh_tx1dd")

[node name="OmniLight3D" type="OmniLight3D" parent="Plane/PlaneAxisZ/Thruster/MeshInstance3D" unique_id=1647734478]
light_color = Color(0.7045118, 0.66720486, 0.8646613, 1)
omni_range = 10.0

[node name="EngineTrail" parent="Plane/PlaneAxisZ/Thruster" unique_id=973075200 instance=ExtResource("5_3smsa")]

[node name="CameraAxisY" type="Node3D" parent="." unique_id=1388215220]

[node name="CameraAxisX" type="Node3D" parent="CameraAxisY" unique_id=969471694]

[node name="Camera3D" type="Camera3D" parent="CameraAxisY/CameraAxisX" unique_id=1556007435]
transform = Transform3D(1, 0, 0, 0, 1, 0, 0, 0, 1, 0, 0.5738077, 1.6832607)
current = true

[node name="Hud2D" parent="CameraAxisY/CameraAxisX/Camera3D" unique_id=128234520 node_paths=PackedStringArray("player") instance=ExtResource("2_cvnsp")]
player = NodePath("../../../..")

[node name="CameraResetTimer" type="Timer" parent="CameraAxisY/CameraAxisX/Camera3D" unique_id=1809061929]
one_shot = true

[node name="Target" type="Node3D" parent="CameraAxisY/CameraAxisX" unique_id=385098987]
transform = Transform3D(1, 0, 0, 0, 1, 0, 0, 0, 1, 0, 0, -1)

[node name="MeshInstance3D" type="MeshInstance3D" parent="CameraAxisY/CameraAxisX/Target" unique_id=1756746354]
transform = Transform3D(1, 0, 0, 0, -4.371139e-08, -1, 0, 1, -4.371139e-08, 0, 0, -4)
mesh = SubResource("TorusMesh_3smsa")

[node name="Hud3D" type="Node3D" parent="." unique_id=1749262035]

[node name="ArtificialHorizon" type="MeshInstance3D" parent="Hud3D" unique_id=609114363]
visible = false
sorting_offset = 1.0
cast_shadow = 0
mesh = SubResource("TorusMesh_v0iea")

[node name="Node3D" type="Node3D" parent="Hud3D/ArtificialHorizon" unique_id=1437350336]
visible = false

[node name="MeshInstance3D2" type="MeshInstance3D" parent="Hud3D/ArtificialHorizon/Node3D" unique_id=1597704577]
transform = Transform3D(1, 0, 0, 0, -1, 8.742278e-08, 0, -8.742278e-08, -1, 0, 5, 2.3841858e-07)
mesh = SubResource("PlaneMesh_6t5aa")

[node name="MeshInstance3D3" type="MeshInstance3D" parent="Hud3D/ArtificialHorizon/Node3D" unique_id=101850858]
transform = Transform3D(1, 0, 0, 0, -0.98480785, -0.1736482, 0, 0.1736482, -0.98480785, 0, 4.9240394, -0.8682412)
mesh = SubResource("PlaneMesh_6t5aa")

[node name="MeshInstance3D4" type="MeshInstance3D" parent="Hud3D/ArtificialHorizon/Node3D" unique_id=1370691480]
transform = Transform3D(1, 0, 0, 0, -0.9396926, -0.34202012, 0, 0.34202012, -0.9396926, 0, 4.698463, -1.7101009)
mesh = SubResource("PlaneMesh_6t5aa")

[node name="MeshInstance3D5" type="MeshInstance3D" parent="Hud3D/ArtificialHorizon/Node3D" unique_id=37394039]
transform = Transform3D(1, 0, 0, 0, -0.86602545, -0.49999994, 0, 0.49999994, -0.86602545, 0, 4.3301272, -2.4999998)
mesh = SubResource("PlaneMesh_6t5aa")

[node name="MeshInstance3D6" type="MeshInstance3D" parent="Hud3D/ArtificialHorizon/Node3D" unique_id=250954333]
transform = Transform3D(1, 0, 0, 0, -0.76604444, -0.6427876, 0, 0.6427876, -0.76604444, 0, 3.830222, -3.2139382)
mesh = SubResource("PlaneMesh_6t5aa")

[node name="MeshInstance3D7" type="MeshInstance3D" parent="Hud3D/ArtificialHorizon/Node3D" unique_id=1474799313]
transform = Transform3D(1, 0, 0, 0, -0.6427877, -0.76604456, 0, 0.76604456, -0.6427877, 0, 3.2139382, -3.8302228)
mesh = SubResource("PlaneMesh_6t5aa")

[node name="MeshInstance3D8" type="MeshInstance3D" parent="Hud3D/ArtificialHorizon/Node3D" unique_id=608929587]
transform = Transform3D(1, 0, 0, 0, -0.50000006, -0.8660254, 0, 0.8660254, -0.50000006, 0, 2.5, -4.330127)
mesh = SubResource("PlaneMesh_6t5aa")

[node name="MeshInstance3D9" type="MeshInstance3D" parent="Hud3D/ArtificialHorizon/Node3D" unique_id=2039427187]
transform = Transform3D(1, 0, 0, 0, -0.34202018, -0.93969274, 0, 0.93969274, -0.34202018, 0, 1.7101009, -4.6984634)
mesh = SubResource("PlaneMesh_6t5aa")

[node name="MeshInstance3D10" type="MeshInstance3D" parent="Hud3D/ArtificialHorizon/Node3D" unique_id=736903649]
transform = Transform3D(1, 0, 0, 0, -0.17364824, -0.98480785, 0, 0.98480785, -0.17364824, 0, 0.86824095, -4.9240394)
mesh = SubResource("PlaneMesh_6t5aa")

[node name="MeshInstance3D11" type="MeshInstance3D" parent="Hud3D/ArtificialHorizon/Node3D" unique_id=843924759]
transform = Transform3D(1, 0, 0, 0, 1, 0, 0, 0, 1, 0, -5, 2.3841858e-07)
mesh = SubResource("PlaneMesh_6t5aa")

[node name="MeshInstance3D12" type="MeshInstance3D" parent="Hud3D/ArtificialHorizon/Node3D" unique_id=1818426581]
transform = Transform3D(1, 0, 0, 0, 0.98480785, -0.17364828, 0, 0.17364828, 0.98480785, 0, -4.9240394, -0.8682412)
mesh = SubResource("PlaneMesh_6t5aa")

[node name="MeshInstance3D13" type="MeshInstance3D" parent="Hud3D/ArtificialHorizon/Node3D" unique_id=818407239]
transform = Transform3D(1, 0, 0, 0, 0.9396926, -0.34202018, 0, 0.34202018, 0.9396926, 0, -4.698463, -1.7101007)
mesh = SubResource("PlaneMesh_6t5aa")

[node name="MeshInstance3D14" type="MeshInstance3D" parent="Hud3D/ArtificialHorizon/Node3D" unique_id=1981841025]
transform = Transform3D(1, 0, 0, 0, 0.86602545, -0.5, 0, 0.5, 0.86602545, 0, -4.3301272, -2.4999998)
mesh = SubResource("PlaneMesh_6t5aa")

[node name="MeshInstance3D15" type="MeshInstance3D" parent="Hud3D/ArtificialHorizon/Node3D" unique_id=125754386]
transform = Transform3D(1, 0, 0, 0, 0.76604444, -0.6427877, 0, 0.6427877, 0.76604444, 0, -3.8302221, -3.2139382)
mesh = SubResource("PlaneMesh_6t5aa")

[node name="MeshInstance3D16" type="MeshInstance3D" parent="Hud3D/ArtificialHorizon/Node3D" unique_id=1636618058]
transform = Transform3D(1, 0, 0, 0, 0.6427876, -0.76604456, 0, 0.76604456, 0.6427876, 0, -3.2139382, -3.8302228)
mesh = SubResource("PlaneMesh_6t5aa")

[node name="MeshInstance3D17" type="MeshInstance3D" parent="Hud3D/ArtificialHorizon/Node3D" unique_id=906546192]
transform = Transform3D(1, 0, 0, 0, 0.49999997, -0.8660254, 0, 0.8660254, 0.49999997, 0, -2.5, -4.330127)
mesh = SubResource("PlaneMesh_6t5aa")

[node name="MeshInstance3D18" type="MeshInstance3D" parent="Hud3D/ArtificialHorizon/Node3D" unique_id=1492626550]
transform = Transform3D(1, 0, 0, 0, 0.34202012, -0.93969274, 0, 0.93969274, 0.34202012, 0, -1.7101008, -4.6984634)
mesh = SubResource("PlaneMesh_6t5aa")

[node name="MeshInstance3D" type="MeshInstance3D" parent="Hud3D/ArtificialHorizon/Node3D" unique_id=242875147]
transform = Transform3D(1, 0, 0, 0, 0.17364815, -0.98480785, 0, 0.98480785, 0.17364815, 0, -0.86824095, -4.9240394)
mesh = SubResource("PlaneMesh_6t5aa")

[node name="NorthSouth" type="MeshInstance3D" parent="Hud3D" unique_id=679557644]
transform = Transform3D(-4.371139e-08, 1, 0, -1, -4.371139e-08, 0, 0, 0, 1, 0, 0, 0)
visible = false
sorting_offset = 1.0
cast_shadow = 0
mesh = SubResource("TorusMesh_v0iea")

[node name="EastWest" type="MeshInstance3D" parent="Hud3D" unique_id=204003212]
transform = Transform3D(1.9106855e-15, -4.371139e-08, 1, -1, -4.371139e-08, 0, 4.371139e-08, -1, -4.371139e-08, 0, 0, 0)
visible = false
sorting_offset = 1.0
cast_shadow = 0
mesh = SubResource("TorusMesh_v0iea")

[node name="Pointer" type="Node3D" parent="Hud3D" unique_id=18356121]

[node name="MeshInstance3D" type="MeshInstance3D" parent="Hud3D/Pointer" unique_id=1800264560]
transform = Transform3D(1, 0, 0, 0, 1, 0, 0, 0, 1, 0, 0.045910835, -4.994728)
mesh = SubResource("PrismMesh_cvnsp")

[node name="HurtBox" type="Area3D" parent="." unique_id=275525673]
collision_layer = 2
collision_mask = 2
script = ExtResource("3_6t5aa")

[node name="CollisionShape3D" type="CollisionShape3D" parent="HurtBox" unique_id=1077009869]
shape = SubResource("SphereShape3D_vgqql")
debug_color = Color(0, 0.6457629, 0.23300683, 0.41960785)

[node name="InvincibilityTimer" type="Timer" parent="." unique_id=1718562895]
wait_time = 5.0
one_shot = true
autostart = true

[connection signal="timeout" from="CameraAxisY/CameraAxisX/Camera3D/CameraResetTimer" to="." method="_on_camera_reset_timer_timeout"]
[connection signal="Hit" from="HurtBox" to="." method="on_hurt_box_hit"]
[connection signal="timeout" from="InvincibilityTimer" to="." method="_on_invincibility_timeout"]
